---
build/images/background.png: 2015-06-19 14:08:59.000000000 -05:00
build/images/cbr.jpg: 2015-06-19 14:08:59.000000000 -05:00
build/images/favicon.png: 2015-06-19 14:08:59.000000000 -05:00
build/images/iowa.jpg: 2015-06-19 14:08:59.000000000 -05:00
build/images/merch/iowa.jpg: 2015-06-19 14:08:59.000000000 -05:00
build/images/merch/kings.jpg: 2015-06-19 14:08:59.000000000 -05:00
build/images/merch/lotus.jpg: 2015-06-19 14:08:59.000000000 -05:00
build/images/merch/meso.jpg: 2015-06-19 14:08:59.000000000 -05:00
build/images/merch/old-crow-clock.jpg: 2015-06-19 14:08:59.000000000 -05:00
build/images/merch/old-crow.jpg: 2015-06-19 14:08:59.000000000 -05:00
build/images/merch/pigeon.jpg: 2015-06-19 14:08:59.000000000 -05:00
build/images/merch/robot-pillow.jpg: 2015-06-19 14:08:59.000000000 -05:00
build/images/middleman.png: 2015-06-19 14:08:59.000000000 -05:00
build/images/post-img.jpg: 2015-06-19 14:08:59.000000000 -05:00
build/images/posts/test-post.jpg: 2015-06-19 14:09:07.000000000 -05:00
build/images/projects/test-2.jpg: 2015-06-19 14:09:08.000000000 -05:00
build/images/projects/test-post.jpg: 2015-06-19 14:09:13.000000000 -05:00
build/images/sand.jpg: 2015-06-19 14:08:59.000000000 -05:00
build/images/site-bg.jpg: 2015-06-19 14:09:00.000000000 -05:00
build/images/site-bg1-full.png: 2015-06-19 14:09:00.000000000 -05:00
build/images/site-bg_01.png: 2015-06-19 14:09:00.000000000 -05:00
build/images/site-bg_02.png: 2015-06-19 14:09:00.000000000 -05:00
build/images/site-bg_03.png: 2015-06-19 14:09:00.000000000 -05:00
build/images/splash-pusher.jpg: 2015-06-19 14:09:00.000000000 -05:00
build/images/tlf-lion.png: 2015-06-19 14:09:00.000000000 -05:00
build/images/tlf-logo.png: 2015-06-19 14:09:00.000000000 -05:00
